SOLUTION SURF ACL NO.   3(11 - TIME ■    .00162916 SECONDS (DELTA T *       .00000541)

           L     M           X            Y           U            V               P          RHO          0        MACH        T
                            (IN)         (IN)       (FPS)        (FPS)          (PSIA)     (LBR/FT3)     (FPS)       NO        (F)

            7    7       1.9320         1.9672     107.5888     -85.8497         69.2024   .347372      137.6427    ,1211     77.7176
            7    8       1.9320         1.71(7      79.2957     -78,9145         69.5794   ,349485      111,8364    ,0904     77,3792
            S    1       1.6190         0,0000     289.8529        0,0000        66,7858   .338237      269.8529    ,2561     72.9549
            9    2       1.0190          .2179     284.0910     -20.5977         66.3547   ,338482      286.1237    ,2526     73,1195
            8    3       1.6190          ,9359     271,8205     -56.1340         67.0230   .339096      277.5561    .2451     73.4932
            8    9       1.6190          ,6538     248.8164     -00,3206         67.2999   ,340096      261.4613    .2300     74,1227
            6    5       1.6190          .8717     217.0973     -98.7450         67.6666   .341360      238,4991    ,2103     75,0325
            8    fa      1. fa 1911     1.0896     178.2156    -108.4309         60.1022   ,342072      208.6098    .1838     76,1139
            8    7       1.6190         1.3H76     139.1469    -110.3320         68,5385   ,344469      177.5810    .1563     77,0466
            8    8       1.6190         1.5255     103,3920    -102.9598         69,3680   .345942      145,9131    .1279     81.2318
            9    1       1.8060         0.0000     353.4364        0.0000        65,5800   ,334062      353.4364    .3132     69,8416
            9    2       1.8060          ,1913     398,2941     -34,5414         65,6636   ,334394      349.9529    .3101     70.0227
            9    3       1.8060          .3826     336.6731     -68.5560         65.8359   ,335051      343.5825    ,3043     70.3717
            9    9       1.80faH         .5790     314.9155    -100.6910         66,1349   ,336165      330.6213    .2927     70,9827
            9    5       1.8060          .7653     282,8929    -128,3042         66.5481   ,337729      310.6290    ,2748     71,8578
            9    fa      1,8060          .9566     243,3598    -147,2737         67.0462   ,339698      201.8907    ,2491     72,7483
            9    7       1.806I1        1.1979     192,3554    -154,1167         67,6139   .341612      246.2463    .2174     73.9216
            9    8       1.8060         1.3393     133.7156    -133.1567         68.7510   ,346700      188.7076    , 1664    75.2460
           10    1       1.9930         0,0000     436.8635        0,0000        62,9419   ,324223      436,8635    ,3893     63,9908
           ia    2       1.9930          .1697     432.1713     -35.7768         63.0217   ,324508      433.6496    ,3864     64,195)
           18    3       1.9930          .3299     423,3175     -71.8588         63.1559   ,324995      429,0775    ,3822     64,5243
           10    9       1,9930          .9992     404,2725    -107.9751         63,4042   ,325878      410,4434    .3725     65.1589
           10    S       1.9930          .6589     373.7604    -142,2246         63,7957   ,327237      399,9133    .3556     66.207*
           10    fa      1.9930          .8236     328,4187    -171,0434         64,2934   ,329012      370,6602    ,3292     67.4514
           10    7       1,9930          .9803     264.4466    -165.0507         65,0844   .331875      322.7626    ,2862     69.3341
           10    8       1.9930         1.1530     173.3843    -172,3608         65,8445   ,333145      244,2672    .2157     73.4752
           11    1       2.1800         O.0OO0     549.3454        0,0000        59.7185   ,312647      549,3454    .4935     55,5636
           11    2       2.1000          .1381     546,9007     •36,8068         59,7792   ,312892      548,2758    ,4925     55.6038
           11    3       2.1800          .2762     543,1126     -79,2687         59,8393   ,313169      548.8669    ,4930     55,7461
           11    9       2.1800          .9199     534,6434    -124.1219         59,9824   ,313805      546.8623    .4929     55.9318
           11    5       2.I860          .5525     510.7335    -174.8851         60.2570   ,314978      547.4206    .4914     56,3641
           11    fa      2.1000          .6906     491,7599    -234,3386         60.7072   ,316985      544,7407    .4888     56,9273
           11    7       2.1800          .8287     448,5535    -301.6778         61.5756   ,320739      540.5643    ,4844     58.1052
           11    8       2.1800          ,9668     392.7955    -391,1038         61.5951   .321452      554,2664    ,4972     57,1991
           12    1       2.3070         0.0000     703.1835        0,0000        53,3954   ,286509      703.1835    ,6419     39.4042
           12    2       2.3670          .1195     705,4581     -30.2450         53.2708   .280114      706.1062    ,6448     39,0606
           12    3       2.3670          .2389     711.9t>06    -62.2785         52,9060   .286719      714.6793    .6533     36,0537
           12    9       2.3670          .3589     724,0761     -98,6945         52,2435   ,28419b      730,7714    .6692     36.1859
           12    5       2.3670          .9779     742.4833    -142,4451         51.1951   .280222      756.0238    .6945     33,1228
           12    fa      2.3670          .5979     769.8530    -199.6792         49,5354   ,274167      795.3273    ,7347     27.6732
           12    7       2.3670          .7168     806.1904    -27«.0574         47.0966   ,266002      851.4989    .7946     17,8985
           12    n       2.3670          .8363     926,4913    -373.6663         40,8628   ,242460      999,0058    .9555     -5.1008
           13    1       2.5590         0.0000     867.9594        0.OPO0        45,7225   .250957      867.9594    .8111     16,5731
           13    2       2.5590          .1193     873.9191     -18,6820         45.4031   ,257720      874,1188    ,8177     15,5161
           13    3       2.5590          .2266     887.6345     -37.8442         44.6459   ,254760      888.4409    ,8333     13,0183
           13    9       2.5590          .3929     914,6763     -56.5003         43,2240   ,249189      916.4197    .8640      8.1917
                 5       2.5590          .9571     956,2606     -72.8883         40.8916   ,239920      961.0287    ,9140        .0397
           13
           13    fa      2.5590          .5719    1029,4131     -84,1867         37.0759   .224347     1032,8498    ,9976    *13.9336
                 7       2.5590          .6857    1148,3074     -75.4358         30.8926   ,197504     1150.7826   1,1425    -37,8082
           13
                 8       2.5590          .8000    1368.1926        -.0522        22.7786   ,157/50     1368.1926   1.4137    -70.2496
           13
                         2.7910         0.0000    1057.9041        0.0000        36.0264   ,218543     1057,9041   1,0231    *15,0469
           19    1
                 2       2.7910          .1189    1067,8182        4.0614        35.4940   ,216255     1067.8292   1,0349    -16,9857
           19                                                                                                                -21,2789
           19    3       2.7910           .2378   1089.2563       11.4080        34.3251   ,211179     1089,3160   1,0609
           19    9       2.7910          .3560    1130.3124       26.9803        32.2010   .201817     1130.6344   1.1114    -29,3362


                                                               Fig. 8 (cont)
