     SOLUTION SURFACF       NO.   395 - TIME *    .00237639 SECONDS (DELTA T =         ,00000691)

                L       M             X            Y             y            V               P              RHO              a       MACH         T
                                     (IN)         (IN)         (FPS)        (FPS)          (PSIA)         (LBM/FT3)         (FPS)      NO         (F)

               28       1         2.2200         3,0975   1910,7995       -298,7612         25,9098           .192169   1932.5583     1.5969   -103,1005
               28       2         2.2200         3.2097   1906,2072       -302.8893         25,0096           ,189801   1938,9577     1.5561   •109,9101
               28       3         2.2200         3.3620   1391,8996       -333,8577         25,5297           ,192227   1931,3259     1.5921   •101,5290
               28       9         2,2200         3.5193   1370,9298       -339.0730         26,7231           .198370   1910.5562     1.5090    -96,3879
               26       5         2.2200         3,6766   1396.7931       - 520.5292        28,5979           ,207899   1389.3600     1.9667    -89,2631
               28       6         2.2200         3,8339   1317,7933       -293.3750         30.3985           ,217221   1350.0599     1.9170    -82,2726
               29       1         2,9667         3,0090   1291.9779       -227,8106         32,9970           ,231216   1311,9087     1.3696    -75,3852
               29       2         2.9667         3.1572   1303,0991       -283.3728         31.6862           .229897   1333.5995     1.3950    •79,7109
               29       3         2.9667         3,3109   1313,7529       -335.5893         30,9038           ,218006   1355.9372     1,9256    -83,5673
               29       9         2.9667         3.9637   1313,3000       -362.5929         29.8082           .219592   1362,9359     1,9352    *89,9830
               29       5         2.9667         3,6169   1309.8925       -363.9159         30.1072           ,215866   1359,3710     1,9292    -63,5939
               29       t         2.9667         3,7702   1315,1981       -339.5192         30.3952           ,217210   1358,3199     1,9257    -82,2996
               30       1         2.7131         2.9605   1199,3369       -210,5938         90,0065           ,269795   1212.7615     1.2251    -52,1976
               30       2         2.7133         3.1101   1210.9119       -238,5102         38,6329           ,258299   1239,1772     1.2530    •56,2885
               32       3         2.7133         3,2598   1290,8253       -278.9910         36.0291           ,295565   1271.6627     1,3037    -69,0377
               30       9         2.7133         3.9P95   1267,3081       -319,9771         33,3000           ,232090   1305,8638     1,3535    -72,6991
               30       5         2.7133         3.5591   1293,9769       -339.6986         31,3972           .222919   1336,5995     1,3968    -78.9811
               30       6         2.7133         1,7088   1306,3885       -325,0857         30,3957           ,217212   1396,2286     1.91)0    -82.2909
               3(       1         2.9600         2.9170   1096,6960       -193,3771         97,0660           ,298373   1113,6193     1,1009    -39,2290
               31       2         2.9600         3.0631   1118,7287       -193.6976         95.5797           ,291692   1135,3698     1.1278    •38,2301
               31       3         2.9600         3.2092   1167,8982       -221,2927         91,6999           .273125   1188,6785     1,1953    -98,9999
               31       9         2.9600         3,3552   1221,3161       -267,3618         36.7919           ,299537   1250,2381     1,2785    -62,0356
               31       5         2.9600         3,5013   1278,0603       -305,8819         32,6871           ,228973   1319,1593     1,3657    -79,6800
               31       6         2.9600         3,6979   1297,5788       -322,8935         30,3963           ,217213   1337,1503     1,9035    -82,2872

               MASS':       53.9930 (LBM/SEC)        THRUST*     1353,5i|6<t (LBF)       MASSI*     39,5377        MASSE*   33,8257
     SEJ




bO                                                                      Fig. 12 (cont)
