ro    SOLUTION SURFACE NO.   JD1 - TIME *   . 00162916 SECONDS (DELTA T *    00000541)
rvj
                 L    M          X            1          U           V             P          RHO          a        MACH        T
                                (IN)         (IN)      (FPS1       (FPS)        (PSIA)     (LBH/FT3)     (FPS)       NO        (F)

                14    5      2.T41P          .4757   1193.1012     59.7158       28,9781   , 187128    1194,5967   1.1919    -42,0154
                14    6      2.T410          .5946   1286.8774    125.7866       24,3779   , 165031    1293,0103   1,3210    •61,2883
                14    T      2./41B          .7135   1418,7214    259,2371       18.2527   ,133085     1442.2116   1,5291    -69,8075
                14    8      2.T410          .8325   1505.1920    403.3150       13,9588   ,108703     1558,2894   1,7074   •113.3946
                15    1      2.9280         0.0000   1229,8892      0,0000       27,4288   ,179803     1229.8892   1,2364    •46,2460
                15    2      2.928H          .1261   1240.8800     32,2297       26,8607   .177122     1241,2965   1,2516    •50,6718
                15    3      2.928(1         .2522   1263,7631     67,2349       25,6518   .171156     1265.4904   1.2843    -55,9399
                15    4      2.9280          .3782   1305.5670    116.1644       23,5457   ,161098     1310,7247   1.3462    •65,4968
                15    5      2.9280          .5043   1363.5225    186.1417       20,6584   ,146475     1376,1695   1,4388    -79,3179
                15    b      2,9280          .6304   1434.6074    283,8963       17.2610   ,128325     1462,4280   1,5657    •96,9372
                15    T      2.9280          .7565   1495.9417    379.2887       14,3497   ,111752     1543,2763   1.6910   •113,4100
                15    0      2.9280          .8826   1523.0676    408,1246       13,2341   ,104698     1576,7956   1.7414   -118,8190
                16    1      3.1150         0.0000   1379,6124      2.0000       20,5366   ,146067     1379,6124   1,4447    -80,5066
                16    2      3.1150          .1332   1389,4688     57,2871       20,8520   ,143567     1390,6493   1,4611    •83.0061
                16    3      3.1150          .2665   1409.1486    116,9047       19,0318   ,118250     1413,9698   1,4964    •88,4294
                16    4      3.1150          .3997   1443.4828    190,1083       17,1330   ,129183     1455,9477   1,5607    -97,8448
                16    5      3.1150          .5330   1485.3850    276,8617       15.2534   ,117647     1510,9669   1,6476   •116,0416
                16    6      3.1150          .6662   1525.9339    367,433/       11,2773   ,106148     1569,5463   1.7425   •122,3815
                16    T      3.1150          .7994   1549.1994    421,6142       12.1092   ,098925     1605,5458   1,8019   •129,6003
                16    n      3.1150          .9327   1556.6257    417.0966       11.9876   ,097596     1611,5375   1,6055   •126,4656
                IT    1      3.3020         0.0000   1507.1046      0,0000       15,3430   .118416     1507,1046   1,6440   -110,2754
                IT    2      3.3020          .1404   1514.6529     77,2857       14,9837   ,116398     1516.6234   1,6597   -112,5417
                IT    3      3.302H          .2608   1529,1232    155.3746       14,2210   ,112077     1536,9967   1.6942   •117,5164
                IT    4      3.3020          .4212   1552,9446    242,7868       13.0110   ,105050     1571,8086   1,7537   •125,6938
                IT    5      3.3020          .5616   1577,6060    331.4854       11,7060   ,097193     1612,0556   1,8239   -134,9123
                IT    6      3.3020          ,7020   1595.3473    403.6915       10.7335   ,091068     1645,6305   1.6821   •141,6704
                IT    T      3.3020          ,8424   1597,4021    431.4081       10,4723   ,089155     1654,6318   1,6956   -142.9533
                IT    8      3.3020          .9828   1597,3052    427,9967       10,5899   .069340     1653,6520   1,8859   •140,0550
                IS    1      3.4890         0,0000   1612,0423      0,0000       11,5688   ,096652     1612.0423   1,8295   -136,9232
                18    2      3.4890          .1476   1616.9281     91.6926       11,3290   ,095191     1619,5259   1.8433   -130,7641
                IB    3      3.4890          .2951   1625,8324    182.2494       10,8049   ,091980     1636.0152   1,8742   •142.9296
                16    4      3.489M          .4427   1639,4093    276.0081       10,0197   ,087043     1662,4810   1,9240   -149,1947
                18    5      3.4890          .5902   1649,7370    358,9217        9,3066   ,082402     1688.3296   1,9726   -155,1532
                18    6      3.4890          ,7378   1651,7627    412.3465        8,9842   ,080145     1702,4540   1.9965   -157,4273
                18    T      3.4890          .8853   1641,7622    427.9160        9,1585   ,061014     1696,6129   1.9813   •154.8662
                18    U      3.4890         1.0329   1638,9946    439.16/3        9,2411   .081065     1696,8121   1,9733   -152,3077
                19    1      3.6760         0.0b00   1704.0260      0.0000        8.8149   ,079430     1704.0260   2,0085   -160,4557
                             3.6760          .1547   1706.2877    101.0366        8,6716   ,078460     1709,2764   2,0191   -161,7878
                19    2
                             3.6760          .3094   1709.9690    198.9763        8,3402   .076304     1721,5068   2,0445   •164,9760
                19    3
                      4      3.6760          .4641   1714,2779    293,1834        7.8884   ,073245     1739.1680   2,0608   -169,3052
                19
                             3.6760          .6189   1712.3564    365,8767        7,6060   ,071250     1751,0084   2,1043   -171,8626
                19    5
                             3.6760          .7736   1701.0635    403,9740        7.6934   ,071703     1749.1524   2,0967   -170,3935
                19    6
                             3.6760          .9283   1685.4753    420.4454        8.0075   ,071602     1737,1245   2,0679   •166.3468
                19    T
                             3.6760         1.0830   1682.1090    450,7198        7,9878   ,073040     1741,4474   2,0677   -164.8157
                19    8
                                            0.6000   1766,8661      0.0000        6.9239   ,066761     1766.8661   2.1542   •180,0643
                20    1      3.8630
                                             .1619   1767.1843    105,9080        6,8519   ,066250     1770.3550   2.1615   -180,0404
                20    2      3.8630
                                                     1767.0745    206.8870        6.6633   ,064921     1779.1443   2,1605   -162,9639
                20    3      3.8630          .3237
                      4      3.8630          .4856   1765,0631    297,6374        6,4524   ,063180     1769,9821   2,2026   -185,2113
                20                                                                                                          -184,8822
                      5      3.8630          .6475   1755.9466    360.1684        6,4495   .063276     1792.5037   2.2045
                20                                                                                                          -181.0971
                             3.8630          .8094   1710.1859    391,2931        6.7291   .065123     1783.6360   2.1787
                20    b
                                                                                                                            •177,0232
                                             .9712   1723,3741    415,9469        7.0217   ,066976     1772.8593   2.1499
                20    T      3.8630
                                                     1719.3424    460,6964        6,9351   ,065991     1779,9942   2.1559   -176,340*
                20    8      3.8630         1.1331
                                            0.0000   1829.7062     -0,0000        5,0329   ,054092     1829,7062   2,3553   -206.8585
                21    1      4.0500
                                             .1690   1828.0812    110,7794        5,0322   .054012     1831.4345   2,3559   -206,5265
                21    2      4.0500


                                                                  Fig. 8
