SOLUTION SURFACE NO.   395 * TIME =    .00237639 SECONDS     (DELTA T =    f0000(5691)

           L    M          *            Y          U               V              P          WHO            Cl      MACH         T
                          (IN)         UN)       (TPS)           (FPS)         (PSIA)     (LBM/T T 3)     (FPS)      NO         (F)

          19    1        .0300        3.3650   1081,9350        -3.0509         09.1261    ,306820      1081,0393   1.0612    -27,8336
          19    2        .0000        3.0920   1056.8199           .3966        50,8097    ,310533      1058.8195   1,0300    -23,6353
          19    3        .0000        3.6190   1005.3991         2.5186         52.0880    ,319889      1005,3522   1.0172    -20,0885
          19    9        .0000        3.7960   1029.0988         2.6307         52.9016    ,323016      1029,0521    .9990    -18,0950
          19    5        ,0000        3.8730   1020.3133         1.0601         53,3012    .325310      1020,3103    .9932    -17,0236
          19    6        .0300        9.0000   1020.9992         0,0000         53,0719    ,325911      1020,9992    ,9897    -17,1525
          20    1        .2967        3.3581   1173.1200       -61,8580         02.3090    ,276131      1170,7501   1,1778    •06,0380
          20    2        .2967        3.0865   1106,0302       -02,2/93         00,3023    .285382      1108.8080   1,1003    -00,6080
          20    3        .2967        3,6199   1132.0781       -26.9501         05,7752    .291831      1132,3988   1.1227    •36,6236
          20    9        .2967        3.7033   1110,2692       -15,5120         06,7326    ,296129      1110.3772   1.1010    •30,0010
          20    5        .2967        3.8716   1107,7929        -6,9782         07,2613    ,298089      1107,8109   1.0932    -32.6288
          20    6        ,2967        9,0000   1107.0192         0.0000         07.5001    ,299051      1107,0192   1,0913    -31,6133
          21    1        .9933        3.3389   1269,0032       130.7062         35.7235    ,200355      1275.7208   1.3101    -65,3967
          21    2        .9933        3.9711   1236.3910       -93,2116         37.9196    ,255030      1201.8900   1,2606    -58,6706
          21    3        .9933        3.6030   1219,8855       -62.9528         39.5789    ,2o2656      1221,5088   1,2360    -53,5867
          21    9        .9933        3.7356   1200,0219       -39.0606         00,7509    .208366      1200,6576   1,2097    -50,0979
          21    5        .9933        3.6676   1193.6520       -20.1323         01,3780    .271285      1193.8222   1.2002    -08.3097
          21    6        .9933        9,0000   1179,0275         0.0000         01,3050    ,271083      1179.0275   1.1867    -08,9338
          22    1        .7900        3,3072   1331.6916       205,23/8         30.9096    ,220003      1307,0102   1.0120    •81,0062
          22    2        .7900        3.9058   1305.5170       155.2005         32.8860    ,230385      1310,7103   1,3663    -70,7132
          22    3        ,7900        3.5893   1208,8579       111.5273         30,0362    ,238202      1293.6703   1,3360    -69,7912
          22    9        .7900        3.7229   1272,2609       -71.9720         35,0028    ,203108      1270,2950   1.3113    •66,9980
          22    5        ,7900        3.6619   1267,2158       -32,7531         35.0110    ,205260      1267,6390   1.3026    •65,8919
          22    6        .7900        9.0000   1286,7778         0,0000         35,2207    ,201585      1286,7778   1,3233    •66,0902
          23    1        .9667        3.2609   1383,2720       203,9082         27,2665    .201293      1000.6112   1,0980    •90,3500
          23    2        .9667        3.0123   1370,5310       187,5136         28.2071    ,206581      1387,2628   1,0731    •90,9272
          23    3        .9867        3.5596   1370,0887       128,3918         28.8860    ,209959      1380.0700   1,0609    •86,6062
          23    9        .9667        3.7070   1372.0803       -67,7226         29.0913    ,210905      1373,7506   1,0520    -87,6901
          23    5        .9867        3,8503   1375,5103       -12,7883         29,2328    ,211388      1375.5738   1,0520    -86,7353
          23    6        .9867        9,0016   1355,3965         9,0228         30,0018    ,217203      1355,0266   1.0227    -82,2707
          29    1       1.2333        3.2219   1030,0370       252,8596         20,1025    ,180583      1056,1601   1,5809   *106,9657
          29    2       1.2333        3.3752   1036,0195       196.1252         20,5272    ,186710      1009.7069   1,5706   -105,0328
          29    3       1.2333        3.5291   1002,6305       135,8278         20,8330    ,188222      1009,0107   1.5660   -103,8817
          29    9       1.2333        3,6829   1029,7078       -69,7732         25,6828    ,192670      1032,5235   1.5006   -100,2039
          29    5       1.2333        3.8367   1397.0981       -69.0626         27,8136    ,203959      1399.2230   1,0876    -91.9200
          29    6       1.2333        3.9905   1350,6985       -61.0675         30.3938    ,217202      1356.0702   1.0230    •82,2982
          25    1       1,9600        3.1779   1001,9167       261,3019         21.3229    ,168627      1500,7777   1,6616   -116,6920
          25    2       1.6600        3.3359   1082. 181:9     207,8316         21.7522    ,171088      1096.6810   1,6081   -116,8276
          25    3       1.9600        3.0939   1070.3210       165,8729         22.8291    ,177072      1083,6231   1,6220   -112,0096
          25    9       1,9600        3,6519   1033,9630       109.1605         25,1620    ,189852      1001,7000   1,5509   -102,2670
          25    5       1.9800        3.8098   1392,5720       137.2705         27.8310    ,200008      1399,3220   1.0877    -91,8057
          25    6       1.0800        3.9678   1309.1683       120,2698         30.9025    .217206      1350,8790   1.0221    -82,2663
          26    l       1.7267        3.1309   1509,8281       266.2235         20.0212    ,161080      1533.1197   1.7096   -125,3505
          26    2       1.7267        3,2992   1099.0577       251.5096         20.6565    ,165113      1520,0007   1,6878   -122,3211
          26    3       1.7267        3.0500   1063,9559       201,1105         22.8000    .1/7299      1083.6789   1,6230   -112,2279
          26    9       1.7267        3.6137   1017,7007       227,3063         25,5073    ,191703      1035,8071   1.5057   -100,9358
          26    5       1.7267        3.7735   1380,0098       207,8969         27,9910    ,200890      1395,9772   1.0830    -91,2585
          26    6       1.7267        3.9333   1302.5008       187.8090         30,0071    .217269      1355,5830   1.0228    -82,2083
          27    1       1.9733        3.0909   1059,0269       257,2658         22.5791    ,175550      1081,5308   1.6221   •112,8006
                2       1.9733        3.2505   1007,6522       280,2170         22.7877    ,176792      1075.2885   1.6135   -112,0919
          27
          27    3       1.9733        3,0101   1021.8776       293,0628         20,3002    ,185300      1051,7650   1,5730   -105,5272
                9       1.9733        3.5696   1390.0753       279,9659         26,1367    , 195000     1021,9095   1,5251    -98,2955
          27
          27    5       1.9733        3.7292   1365,8397       260.7981         28.2135    ,206032      1390.5157   1.0750    -90,3801
                6       1.9733        3.8868   1330,1585       200.7033         30.0107    .217288      1355.7051   1.0229    -82,2369
          27


                                                             Fig. 12 (cont)
