CO    SOLUTION SURFACE NU,   345 - TIME *    .00237634 SECONDS   (DELTA T *    ,00000691)
-p*
                 L    M          X            T          U             V              P          RHO         Q       MACH       T
                                (IN)         (IN)      (FPS)         (FPS)         (PSIA)     (LBM/FT3)    (FPS)      NO       (F)

                  1    1     -4.4404        1.3000    109,4812       -0,0000        99,3430   ,506883     109,4812   ,0971    69,0027
                 1    2      -4.4400        1,8400    106.0169       -0,0000        99,3831   ,507029     106,0169   ,0940    69,0638
                  1   3      -4.4400        2.3830    212,9815       -0,0000        97,5259   ,500243     212,9815   ,1894    66,2199
                 1    4      -4,4400        2.9200    236.6861       •0,0000        96,9532   ,498143     236,6861   ,2107    65,3351
                 1    5      -4.4400        3.4600    276,8857       -0,0000        95,8470   ,494076     276,8857   ,2468    63,6156
                  1   6      -4.4400        4.0000    273,4428       •0,0000        95,9570   ,494481     273.4428   ,2437    63,7873
                 2     1     -4.1933        1.3417    107,4307       37,4142        99,2108   ,506393     113,7593   ,1009    68,8098
                 2    2      -4.1933        1.8734    104,0377       29,6151        99,2062   ,506362     108,1707   ,0960    68,8175
                 2    5      -4.1933        2,4350    214.2242       22,0820        97,4455   ,499962     215,3593   .1915    66.0820
                 2    '1     -4.1933        2.9367    237,1094       13.9520        96,9338   .498071     237,5195   ,2114    65,3056
                 2    5      -4.1933        3,4683    277,6715        7.3298        95,8509   ,494092     277.7683   ,2476    63.6205
                 2    6      -4.1933        4,0000    274.0878        0,0000        95,9535   ,494468     274.0878   ,2443    63,7824
                 J     t     -3.94b7        1.4851    112.9896       98,6735        98,7348   ,504664     150,0103   .1332    68,0751
                 3    2      -3• 94b7       1.9881    119,2811       55.7369        99,1459   ,506168     131.6609   .1168    68,6990
                 J    3      -3.94b7        2.4911    230,3713       50.8948        97,1220   ,498801     235.9263   ,2099    65,5554
                 3    4      -3.94b7        2,9940    245,1004       28.8405        96,7471   ,497390     246,7914   .2197    65,0115
                 3    5      -3.94b7        3.4970    284,0488       15.6501        95,6688   ,493423     284,4796   ,2537    63,3345
                 3    6      -3.94b7        4.0000    279,0134        0,0000        95,8206   ,493979     279.0134   ,2487    63.5740
                 U     1     -3.7OH0        1.7293    133.0260      133.0260        97,9867   ,501924     188,1272   .1672    66,9351
                 '1   2      -3.7000        2.1835    152,2549       70,3057        98,2987   ,503055     167,7034   ,1490    67,4243
                 4    3      -3.7000        2.6376    251,8880       69.9268        96,4944   ,496505     261,4141   .2328    64,5736
                 4    4      -3.7000        3.0917    258,5497       37,0252        96,2556   ,495578     261,1873   ,2327    64,2546
                 4    5      -3.7000        3,5459    293,1525       20.9197        95,3831   ,492369     293,8980   ,2622    62,8874
                 4    b      -3.7000        4,0000    287,4930        0.0000        95,5579   ,493011     287,4930   ,2564    63,1645
                 5     1     -3,4533        1.9750    165.0872      159,4938        97,2086   ,499081     229,5475   .2042    65,7285
                 5    2      -3.4533        2.3800    189,7552       88,9515        97,4650   ,500033     209,5695   . 1864   66,1113
                 5    3      -3.4533        2.7850    274,0965       86,3530        95,8902   .494289     287,3773   ,2562    63,6267
                 5    4      -3.4533        3.1900    275,5988       45.2297        95,7240   ,493625     279,2855   ,2490    63,4220
                 5    5      -3.4533        3.5950    305,6486       25,4583        95.0148   .491013     306,7070   ,2738    62,3076
                 5    6      -3.4533        4.0000    300,2397        0,0000        95,1903   ,491657     300,2397   ,2679    62,5870
                 6     1     -3.20b7        2.1978    205,2765      173,2552        96.0735   ,494909     268,6183   .2394    63,9703
                 6    2      -3.20b7        2.5582    229,6718      104,0684        96,2531   ,495595     252.1495   .2247    64,2229
                 6     3     -3.20b7        2.9187    297,7834       94,9364        95,0763   ,491294     312.5506   ,2790    62,3581
                 6     4     -3.20b7        3.2791    296.9780       50.8083        94,9696   ,490842     301.2929   ,2689    62,2412
                 6    5      -3.20b7        3,6396    321,7514       27.9020        94,4542   ,488941     322,9590   ,2885    61,4256
                 6     b     -3.20b7        4.0000    317.4202        0,0000        94,6142   ,489529     317.4202   ,2835    61,6822
                  7    1     -2.9b0H        2,3929    246,1173      182,2747        94.9109   ,490626     306,2642   .2734    62,1473
                  7    2     -2.9b00        2.7143    267,6866      117,9731        95,0919   ,491347     292,5299   .2611    62,3756
                 7     3     -2.9b30        3.0357    323,2732      100,9577        94.2213   .488127     338.6709   ,3027    61,0076
                  7    4     -2.9b00        3.3571    321,5757       56.3837        94,1319   .487751     326,4813   .2918    60,9145
                  7    5     -2.9b00        3.6736    341.9079       29,8608        93,7507   ,486340     343,2094   .3069    60,3106
                  7    b     -2.9b00        4.0000    338,8474        0,0000        93.8859   ,486837     338,8474   ,3030    60.5294
                  a    1     -2.7133        2.5642    289,9157      188,6100        93,5079   ,485435     345,8682   ,3094    59,9300
                  a    2     -2.7133        2,8514    307.9821      127.9301        93,7199   ,486292     333.4952   .2983    60,1912
                  a    3     -2.7133        3.1385    353,1446      104.0948        93,1129   ,484017     368,1668   .3296    59,2511
                  a    4     -2.7133        3.4257    350,7214       60,2814        93,0513   .483748     355,8642   ,3186    59,1957
                  a    5     -2.7133        3.7128    367,0750       30.9629        92.7906   ,482778     368,3786   ,3299    58,7817
                  a    b     -2.7133        4,0000    365.0832        0.0000        92,9035   ,483193     365.0832   .3269    58,9667
                  9    1     -2,4bb7        2.7146    335.9522      191.6407        91,9380   .479603     386,7687   ,3469    57,4175
                  9    2     -2.46b 7       2.9717    350.4988      134,3668        92,1960   ,480650     375.3716   ,3365    57,7394
                  9    3     -2.4667        3.2288    387.1967      105.6010        91,7925   ,479105     401,3389   ,3600    57,1358
                  9    4     -2.4667        3.4859    384,1126       63,0205        91.7586   .478944     389,2481   ,3492    57,1185
                  9    5     -2.4667        3.7429    397.2721       31.6727        91,5882   ,478304     398,5327   ,3576    56,8485
                  9    6     -2.4667        4,0000    396,0271        0.0000        91,6830   .478654     396,0271   ,3553    57,0061



                                                                 Fig. 12 (cont)
